baseMean	log2FoldChange	lfcSE	stat	pvalue	padj
CU104787.1	168.340478409715	-0.0345815674102658	1.39550365474318	-0.0247807071609784	0.980229879788447	NA
BAGE5	637.806878239515	4.18837552909766	1.39693698575554	2.99825659410997	0.00271528955852941	0.0202753412838952
OR11H1	317.883035839788	-1.23763789210845	1.39407684744912	-0.887783119254207	0.374657424945069	NA
CCT8L2	271.569450440607	2.98434881574709	1.39796615090319	2.13477902438409	0.0327790644309153	NA
XKR3	300.506954687365	0.293833600805529	1.39364223337377	0.21083861680498	0.833013203949569	NA
IL17RA	303.328594353356	0.0254265488777777	1.39379803682958	0.0182426350202175	0.985445290459503	NA
CECR6	316.074656057849	-1.2581073575885	1.393920455925	-0.902567540522695	0.366755460347517	NA
CECR5	283.27991229647	0.668113966269894	1.39403060890834	0.479267787952726	0.631748134892129	NA
CECR1	194.490954649968	-0.684047193109998	1.39544029947524	-0.49020169000941	0.623991185047261	NA
CECR2	1831.81625089265	3.69900501701192	1.39267783424223	2.65603783306035	0.00790647436403456	0.0277813625842447
SLC25A18	104.124961767673	0.359007398941584	1.39833620824317	0.256738970803473	0.797380285275886	NA
ATP6V1E1	1058.90060375795	3.2967817337975	1.39335258096581	2.36607860697564	0.017977626905336	0.0459071544189829
BCL2L13	453.199310113953	2.55289093607165	1.39452083464988	1.83065815342415	0.0671515827460932	0.123111235034504
BID	712.095138778991	2.45885328388544	1.39329021204088	1.76478185422959	0.077600435463322	0.132105503229227
MICAL3	180.936657907965	-0.452277746323934	1.39645360911981	-0.32387595504086	0.746031948732764	NA
PEX26	1168.69730305257	-3.91207083036351	1.3940071062507	-2.8063492738465	0.00501063479040072	0.0237932499385842
TUBA8	52.5220233749531	1.98256810251548	1.41503020222063	1.40107829458637	0.161190661503598	NA
USP18	121.701888587318	-0.252140720745025	1.39725516912557	-0.180454312366452	0.856795918979373	NA
GGTLC5P	1.33437785430104	-0.770587480209721	1.93343044002903	-0.39855971244466	0.690217651851272	NA
GGTLC3	3.15887418404534	0.426052034069097	1.66438803037943	0.255981193262949	0.797965359220084	NA
TMEM191B	10.180078110111	-0.758670186251215	1.47834118272372	-0.513190185809091	0.60781829039599	NA
RIMBP3	194.898782800911	-4.66314107150868	1.42396476651884	-3.27475874484496	0.00105752244647621	NA
GGT3P	1.3394412684352	-1.62213627929474	1.99579227788594	-0.81277811186493	0.416345287049771	NA
DGCR6	0.830594604962087	0.553513143477691	2.17853543246097	0.254075804887147	0.799436995059301	NA
PRODH	138.834889814869	0.642788636732563	1.39672759263411	0.460210452003972	0.645365169451489	NA
AC007326.1	195.772853795635	-0.221113908083357	1.39537503378375	-0.158461992460748	0.87409276783999	NA
DGCR2	555.643631659797	-1.45625218312299	1.39295757210333	-1.04543900854358	0.295820115703691	0.364674797807137
DGCR14	162.739075128034	-0.884087400506449	1.39636057810944	-0.633136894843761	0.526644250744622	NA
TSSK2	304.298295959798	-0.76149210461199	1.39377244842155	-0.546353248318533	0.584823140269712	NA
GSC2	474.828109873358	-1.34033609515457	1.39318259842436	-0.962067783986424	0.336015555638337	0.384401795650257
SLC25A1	112.106101064398	-0.00885139416610728	1.39764339573321	-0.00633308481485994	0.994946963181827	NA
HIRA	255.767187464999	3.32414920582559	1.40325927315627	2.36887741945847	0.017842165797544	NA
C22orf39	7.00436205296075	-0.589663552035761	1.51485978094483	-0.389252892876978	0.69708907974172	NA
MRPL40	450.575347147681	0.913842701318334	1.39302227650415	0.6560144203951	0.511814845909375	0.55446608306849
UFD1L	263.499411083496	0.713458142199099	1.39443425501676	0.511647027912783	0.608898065798346	NA
CDC45	224.811963418022	-0.287457849390377	1.39446888099299	-0.206141458808087	0.836680414717555	NA
CLDN5	424.965537369496	-1.30746004982004	1.3934404454614	-0.938296325529079	0.348092147566429	0.395056961126979
TBX1	277.30782465129	1.16943599151177	1.39423586035089	0.8387648207653	0.401601295454069	NA
GNB1L	177.304774998871	-0.694704218129285	1.39555279949969	-0.497798591625009	0.618626008719081	NA
C22orf29	141.835515160231	-0.231451604062085	1.39641161067645	-0.165747407349302	0.868355736340729	NA
TXNRD2	357.689887068635	-1.68226409788041	1.39403976470982	-1.20675474291838	0.227526609891557	0.295784592859024
COMT	379.629713419772	-2.57991124528794	1.39504792935835	-1.84933520275147	0.0644094255901737	0.119617504667465
ARVCF	108.702689403777	-0.207179760687198	1.39805707293906	-0.148191203848105	0.882191873485477	NA
TANGO2	155.3185671103	1.78073130741224	1.3978478762225	1.27390922696427	0.202695587986272	NA
DGCR8	340.825063355558	-0.368984116237044	1.39341778935194	-0.264805085062574	0.791159619385345	0.808113039800746
TRMT2A	419.06727485321	3.50897496537049	1.39745189701729	2.51098085941993	0.0120396224760278	0.0358680419598327
RANBP1	333.47705390066	0.610552312528478	1.39348780392237	0.43814686487381	0.661279823632131	NA
CCDC188	767.731931356576	-2.74057647375197	1.39324114199255	-1.96705106614389	0.049177323840605	0.0988614834330007
RTN4R	808.822731906257	2.15110066395738	1.39283253961816	1.54440724406617	0.122489706226423	0.182458624899775
XXbac-B444P24.10	0.163510675064548	0.927152504553212	2.67175102236543	0.347020548244185	0.728575881634682	NA
DGCR6L	279.203111074515	1.8252178941993	1.39527473721044	1.30814229307157	0.190825050765336	NA
USP41	113.354456780368	-1.34265088710422	1.40002415701489	-0.959019800034734	0.337548770582999	NA
ZNF74	577.024472962765	-2.04721207441236	1.39315702262794	-1.46947690831768	0.141703480583182	0.204682805286818
SCARF2	98.1063487326771	0.0335811144957225	1.39919717617984	0.0240002732048155	0.980852390784806	NA
KLHL22	378.991712838448	1.16592111283318	1.39376799578391	0.83652452657834	0.402859884735746	0.446581112536524
MED15	129.919529878066	0.276476815148811	1.39681067571854	0.197934351415654	0.843096427301316	NA
TMEM191A	3.82191113274124	0.344891564682387	1.59093590152004	0.216785330165009	0.828375644942659	NA
PI4KA	238.910589927962	2.04406476239725	1.39620057088187	1.4640194288892	0.143188639856348	NA
SERPIND1	1022.08108367076	-2.89278209915775	1.39284025224802	-2.0768943850444	0.0378113081144022	0.078362566092167
SNAP29	409.498579528902	1.34252490527521	1.39340143296289	0.963487530237788	0.335302918996974	0.384401795650257
CRKL	197.565444172273	0.638802473331829	1.39504130283269	0.457909362278174	0.647017560366729	NA
AIFM3	172.180521265117	-0.275174348810905	1.39545408498439	-0.197193409494361	0.843676187823416	NA
LZTR1	109.795899607421	-0.806858211769069	1.3982367077811	-0.577054090540575	0.563902916241523	NA
THAP7	308.860635713073	1.22780278333746	1.39401164632387	0.880769387096073	0.378442652172227	NA
SLC7A4	294.320715950969	2.97718782455529	1.39743677581414	2.13046334265877	0.0331333791039978	NA
LRRC74B	75.7717475922543	-0.884613442259042	1.4021202823264	-0.630911237366375	0.528098563826919	NA
GGT2	48.2375433815548	-0.886605786704998	1.41359745399344	-0.627198205684596	0.530529319259659	NA
RIMBP3B	7.44777728458882	1.423014111598	1.56891939258516	0.907002691357682	0.364405374000197	NA
HIC2	118.603217188174	0.314660782105389	1.39734600557563	0.225184586244096	0.821835679931596	NA
TMEM191C	16.7644263823516	0.397508868795732	1.44402666355514	0.275278067107903	0.783102613683416	NA
PI4KAP2	0.988931080499968	3.41158975252991	2.42310882574971	1.40793913846373	0.159149092491187	NA
RIMBP3C	3.66916892297648	-0.564628347634515	1.59878249884086	-0.353161451319288	0.723967405589037	NA
UBE2L3	303.84955323111	0.818995055635905	1.39376083690672	0.587615201940645	0.556790604895458	NA
YDJC	374.721003795783	1.79503946312435	1.39406448130762	1.28763015426705	0.197874737422409	0.264449415433687
CCDC116	173.133828135069	0.705304161377135	1.39565953574014	0.505355456195198	0.613309198844495	NA
SDF2L1	174.462526212605	1.83399369592058	1.39731494052771	1.31251276482306	0.189347181955003	NA
PPIL2	34.1220488646638	-0.189196892816824	1.41492747087385	-0.133714905330079	0.893628018264751	NA
MAPK1	201.379476501096	-0.54626908193852	1.39496092001055	-0.391601710200161	0.695352524077021	NA
PPM1F	98.4306839446334	0.481839253202041	1.39875596287615	0.344476996695887	0.730487592639186	NA
TOP3B	880.137191464701	-3.02208273789367	1.39329809097752	-2.16901376486737	0.0300816388906819	0.0682805454185319
VPREB1	325.493672901536	1.79726534826628	1.39448379963122	1.28883917385169	0.197454003987374	NA
ZNF280B	704.369979423102	-1.95635204189446	1.39290442292532	-1.40451276462014	0.160166213326654	0.224546750055996
ZNF280A	2265.76483721397	-4.02458667358245	1.39268528156488	-2.889803408463	0.00385482812976078	0.0204163119465108
PRAME	452.201480463437	-3.11360716345831	1.39558034724405	-2.23104830159508	0.0256779296926236	0.0611990657674196
GGTLC2	455.955687674147	-4.09851426598505	1.40107535732205	-2.92526325908604	0.00344164932981016	0.0202753412838952
RSPH14	439.617533065002	1.83085107113206	1.39386140990511	1.31351012239925	0.189011112278284	0.25741513386471
GNAZ	394.424935665226	1.49378143228753	1.39369837558427	1.07181113105718	0.28380487248733	0.352905189266854
RAB36	404.468348063272	-1.12948961073806	1.39341251419281	-0.810592411962343	0.41759977589634	0.459359753485974
KB-1269D1.8	1.16952666954021	-1.35223483005684	2.02685166381443	-0.667160233873256	0.504669788861668	NA
IGLL1	296.779996677652	-1.89332881018497	1.39481723173219	-1.35740279594459	0.174653260341241	NA
DRICH1	272.246898669377	-2.83228027265537	1.39815618518921	-2.02572523918141	0.0427929487954821	NA
RGL4	246.058852156647	0.600019043369394	1.39427273551858	0.430345532896206	0.666944309840224	NA
ZNF70	570.998780773247	-3.907585791717	1.39706395638422	-2.79699850093501	0.00515797725941335	0.0237932499385842
VPREB3	179.852818133129	-0.523286626066135	1.39547976506044	-0.374986896383603	0.707670211971506	NA
C22orf15	233.809924710364	0.210012407829213	1.39431530586613	0.150620456467525	0.880275123565064	NA
CHCHD10	314.307071699546	-0.3523489294708	1.39352256775058	-0.252847666499985	0.800385931629969	NA
MMP11	368.905128769136	0.434448801733101	1.39329046789709	0.311814952978772	0.755181159400983	0.782542795611164
AP000349.2	1093.94502820236	-4.28848243777581	1.39482055220723	-3.07457646145915	0.00210801678834916	0.0202753412838952
SMARCB1	310.04336972382	-1.93550187059972	1.39493109796662	-1.38752507089496	0.165281711711149	NA
DERL3	134.437612427107	-0.390348489513441	1.39660348883816	-0.279498435048427	0.779862338837023	NA
SLC2A11	85.4721130335058	1.02874087399205	1.400835577535	0.734376603856881	0.46271924192957	NA
MIF	762.10857316325	3.61790347756302	1.39480970590636	2.59383302413433	0.0094912569800233	0.0315639476312403
GSTT2B	18.9016093923414	0.740755561710357	1.45277967515093	0.50988843964478	0.610129621391144	NA
DDTL	117.001806095135	1.25756107218877	1.40063786942366	0.897848829909358	0.369266147973503	NA
DDT	126.631904612198	2.64026744114587	1.41181469984404	1.87012321194667	0.0614667098029947	NA
GSTT2	1.16394949923158	0.382829677391501	1.98792905765846	0.192577132426661	0.847290155360118	NA
CABIN1	243.132311828423	0.172887734207666	1.39435879183729	0.123990851723221	0.901322518434769	NA
SUSD2	497.580304464594	2.53472105368404	1.39418730185686	1.81806350574858	0.0690544270208591	0.124997253974467
GGT5	637.144463763134	2.6186069315661	1.39383751819162	1.87870314680832	0.0602850379092063	0.114833344204228
SPECC1L	164.202327823706	-1.07908561021446	1.39638876574902	-0.772768756583083	0.439659246924512	NA
SPECC1L-ADORA2A	1.16722945039851	-1.35911469983206	2.24066428698604	-0.606567752128649	0.544137806627224	NA
ADORA2A	847.89047350436	-3.04659096440106	1.39351543791388	-2.18626280090723	0.028796384006822	0.0664174663383152
UPB1	1128.32332716481	4.2038303354815	1.39445879964602	3.01466801066381	0.00257260681721169	0.0202753412838952
GUCD1	318.024705090256	2.71986303184615	1.39640040127735	1.94776729465143	0.0514428138031857	NA
SNRPD3	596.381105156045	2.27954854484977	1.39359980905998	1.63572679188826	0.101896779620166	0.158383037887867
GGT1	50.7160860306232	-0.710713869126495	1.41065222790163	-0.503819336239728	0.614388338471022	NA
LRRC75B	53.6813578566325	0.171009730047406	1.40479091163795	0.121733226368908	0.903110298084184	NA
PIWIL3	271.591060888839	-0.890618843863847	1.39421191560039	-0.638797326215878	0.522954787914666	NA
SGSM1	219.381099627873	0.00681139049765112	1.39486022920303	0.00488320647119093	0.996103780434114	NA
TMEM211	910.718858590293	-2.47058028488421	1.39285993527116	-1.77374639209738	0.0761051089762635	0.131120850404888
KIAA1671	211.306726070852	-0.470362186938704	1.39477226483477	-0.33723224844482	0.735941828913946	NA
CRYBB3	67.4463334203337	0.279209555656455	1.4019745059714	0.19915451705236	0.842141876811968	NA
CRYBB2	135.68636393342	0.973355199380752	1.39711115161518	0.696691310677371	0.485995997892036	NA
LRP5L	163.252535574013	-1.18806075300353	1.39648776953516	-0.850749128579189	0.394908726013459	NA
GRK3	305.257743722508	-1.62796440965314	1.3944779889302	-1.16743643325777	0.243034165099648	NA
MYO18B	384.729094361424	2.3906120784018	1.39483817499806	1.71389923308137	0.086547233942217	0.140639255156103
ASPHD2	355.202618427229	0.624795079035133	1.3934156686806	0.448391024357246	0.653871018378611	0.687526144324569
HPS4	216.00999228535	-0.141501221321037	1.39460684606243	-0.101463162697469	0.919182798517347	NA
SRRD	125.276193114622	0.249433609347091	1.39695004212291	0.178555855131393	0.858286459827277	NA
TFIP11	326.988261401348	1.01495769879471	1.39369806938876	0.728247904684152	0.466461845957875	NA
TPST2	1476.0093269289	3.84886426690679	1.39327805199423	2.76245237725364	0.00573689302077237	0.0244240118424147
CRYBB1	190.480344118068	0.357757792250586	1.3952220072915	0.256416391356304	0.797629332378027	NA
CRYBA4	180.405441830078	-0.135775034626054	1.39531060803917	-0.0973081074878796	0.922481717713803	NA
MN1	69.5736888194307	-0.762248030498469	1.40236455329762	-0.543544849808177	0.586754719802588	NA
PITPNB	86.4056701284396	-0.262886801304058	1.40018881676293	-0.187750964839029	0.851071876454006	NA
TTC28	171.502454922646	0.212046442011243	1.39561903648155	0.151937195229026	0.879236471294043	NA
CHEK2	158.323391776704	1.06599722991966	1.39670635956981	0.763222149463103	0.445330921409454	NA
HSCB	242.567993345729	0.242933101020779	1.39425251216784	0.174238955211246	0.861677671917853	NA
CCDC117	245.680278431234	-0.3547592417225	1.39415744089356	-0.254461391028494	0.799139128081626	NA
XBP1	694.867917533218	-3.46987441715226	1.39453332444107	-2.48819756139064	0.0128392388172242	0.0374696153237361
ZNRF3	445.482921539822	-1.39956450703186	1.39321427968595	-1.00455796889144	0.315109744736791	0.381870283875942
C22orf31	90.3489482666148	0.809328552600565	1.3997709592145	0.578186414908	0.563138269619615	NA
KREMEN1	2147.18503941123	-4.3005584963123	1.39300208787652	-3.08725918915744	0.00202011373320701	0.0202753412838952
EMID1	143.966782564669	0.985148643442384	1.39693261481699	0.705222738014065	0.48067163314242	NA
RHBDD3	192.445511101342	-0.0271366268821988	1.39502313504215	-0.0194524565224352	0.984480164056546	NA
EWSR1	1107.34176527486	-2.8961175136067	1.39285953286636	-2.0792602881116	0.0375934330525906	0.078362566092167
GAS2L1	437.796933179746	1.35749133746375	1.39325937033099	0.974327800243866	0.329893805477959	0.383535074661367
RFPL1	250.334215901654	-3.00233805732584	1.39853300994017	-2.14677668384408	0.0318110644276086	NA
NEFH	201.520365604462	-0.746081875791846	1.39499999952048	-0.534825717597353	0.592770377771135	NA
THOC5	2816.33068696821	-4.31807661341909	1.39278622125717	-3.10031543069221	0.0019331465237652	0.0202753412838952
NIPSNAP1	160.70114358038	-0.0526498655930554	1.39611985748409	-0.037711565601491	0.969917654540811	NA
NF2	142.883896876943	-0.311103410706244	1.39632142388444	-0.222802146686815	0.823689497188559	NA
CABP7	76.8722130185342	-0.0970360647317936	1.40060326633865	-0.0692816210442361	0.944765454863407	NA
ZMAT5	164.253526496878	0.105767883106626	1.39639122483767	0.0757437322902982	0.93962298256832	NA
UQCR10	1179.67022213221	3.39827221125706	1.39330068724758	2.43900849426138	0.0147276220682847	0.0405009606877828
ASCC2	132.49020956308	0.12848081585164	1.39701780292979	0.091967915929341	0.926723530907466	NA
MTMR3	681.285026030791	1.77509052809703	1.39281100539284	1.27446618473291	0.202498249409314	0.265662840968182
LIF	176.446033919595	-0.648959657697623	1.39586233131924	-0.464916663439356	0.641991136947687	NA
OSM	153.733935371649	-1.86954908336407	1.39846651374909	-1.33685652461715	0.181269474306762	NA
GATSL3	33.1705431967363	0.580348741388366	1.42312891751454	0.407797729528207	0.683422180651642	NA
TBC1D10A	406.456360609182	-2.72941862483612	1.39542401713721	-1.95597796176367	0.0504677502839794	0.0988614834330007
CCDC157	314.038167209541	-0.932282710006364	1.39376168616465	-0.668896784336076	0.5035613216328	NA
RNF215	289.520033559932	-0.368041620941205	1.3938946677693	-0.264038330478869	0.791750383013991	NA
MTFP1	172.599448282288	3.3772671906186	1.40434807270753	2.40486475985072	0.0161784517090636	NA
SEC14L3	456.443065224064	1.17306895586144	1.39304758473726	0.842088216306471	0.399738576619746	0.446581112536524
SEC14L4	272.048324480101	-0.395185574820387	1.39385554452857	-0.283519749497462	0.77677844457539	NA
GAL3ST1	140.404564452528	-0.0483033900698518	1.39627609228331	-0.0345944404096055	0.972403134758468	NA
TCN2	76.0306278112012	0.474608464409133	1.40095977750405	0.338773797813593	0.734780141596651	NA
SLC35E4	329.45326893424	-0.98126736598705	1.3936256090219	-0.704111175651933	0.481363540935346	NA
DUSP18	133.715273461364	-0.290457429963207	1.39661493629849	-0.207972449967504	0.835250478757809	NA
OSBP2	165.394337582177	-0.110028177380591	1.39557411039363	-0.078840798608364	0.937159252431339	NA
MORC2	132.647764400582	1.09716691512309	1.397427400323	0.785133392167268	0.432375363312055	NA
SMTN	829.468433773504	-4.32390538619007	1.39598937887681	-3.09737699413517	0.00195241404332503	0.0202753412838952
SELM	167.375865716525	0.668019541615582	1.39600228902602	0.478523242309046	0.632277835698265	NA
INPP5J	585.846536447518	-4.01978201070456	1.39670478663204	-2.87804699259155	0.00400145527030887	0.0204360037019346
PLA2G3	401.195970503947	-0.832083823962032	1.39318665941429	-0.597252219104546	0.550338999985654	0.591717872165027
RNF185	748.005897082391	-2.90805328159019	1.39370248469094	-2.08656676265815	0.0369273143714856	0.078362566092167
PIK3IP1	224.15289756506	0.974886133170858	1.39482548991993	0.69893054021175	0.484595440429119	NA
PATZ1	616.095299970662	3.40356185397464	1.39502147359902	2.43979172965258	0.0146957316499521	0.0405009606877828
DRG1	1638.91801940877	3.27264489460093	1.39260743528926	2.35001251010927	0.0187727801135786	0.0470966237937148
EIF4ENIF1	307.593159120845	0.22024170259548	1.39373571158245	0.158022572547429	0.874439011867329	NA
PISD	403.834021879533	1.7798261209352	1.39383047545609	1.27693155823185	0.201626411435528	0.265662840968182
PRR14L	1315.55070444255	3.82519512289339	1.39343543434099	2.74515419130451	0.00604824728523846	0.0244240118424147
DEPDC5	334.133443737724	-1.91133171063282	1.39442442142701	-1.37069580915459	0.170469801792008	NA
YWHAH	1608.55034515315	-3.77560685568325	1.39296205591216	-2.71048794161939	0.00671842914039929	0.0253731354758468
C22orf42	90.4286324059681	-0.774043651277748	1.40015469813116	-0.552827235669666	0.580381716858639	NA
RFPL2	305.997599560919	1.81641666266279	1.39542475002707	1.30169445728087	0.193020855102563	NA
AL008723.1	205.137675915216	0.726608995128183	1.39498366137686	0.520872763779192	0.60245540990066	NA
SLC5A4	1836.33118721014	-4.31634960933768	1.3934310043427	-3.0976414303152	0.00195067292617174	0.0202753412838952
RFPL3	181.604786930157	-0.196031969637301	1.39520398287592	-0.140504164296622	0.888261662496722	NA
RFPL3S	67.4102924151653	-0.198256304571988	1.40246438805325	-0.141362808397	0.887583333774788	NA
RTCB	102.487169600595	-0.464755672023823	1.39835915867562	-0.332357870394321	0.739619046661448	NA
FBXO7	226.861889805823	-0.18065984584485	1.39443673648765	-0.129557577706896	0.896916468363679	NA
SYN3	2959.39173309877	-4.32112485102784	1.39264924356318	-3.10280917539005	0.00191693200152144	0.0202753412838952
TIMP3	712.718168931093	-3.33095270912266	1.39423944828627	-2.38908224352488	0.0168905208100878	0.0453257374363813
LARGE1	161.073989044867	0.390574026537739	1.39594568882474	0.279791706557414	0.779637314897818	NA
RP1-101G11.2	0.498580220388882	0.864156144135515	2.51977105355236	0.34295026245231	0.731635878190402	NA
HMGXB4	431.597103939559	2.21624779524786	1.39411256963238	1.58971939822067	0.111898069151724	0.170227913709538
TOM1	122.500375733757	-0.521988768939592	1.39735423548742	-0.373555076932596	0.708735361473814	NA
HMOX1	307.073344771446	1.2006726894896	1.39428349340812	0.861139571088754	0.389161177181601	NA
MCM5	280.699385018564	-1.31757608875767	1.39437201599114	-0.944924362829468	0.344697492528638	NA
MB	678.583780132217	3.31536520374764	1.39450680793731	2.37744640963895	0.0174329759370697	0.0453257374363813
APOL6	186.408515495994	-0.815039023931221	1.39556472201389	-0.58402094225703	0.559206222345978	NA
APOL5	196.654974388219	-0.064071011469273	1.39509399273013	-0.0459259460675398	0.963369274020412	NA
RBFOX2	403.042367819362	2.05642738159338	1.39431695131741	1.47486364535006	0.140249205976885	0.204649351578516
APOL3	235.052180307592	-0.922290283963179	1.394571432695	-0.661343164172563	0.508392266010143	NA
APOL4	513.585615532038	1.53682579162227	1.39306278667861	1.10319922857635	0.269940656273266	0.338609770588395
APOL1	675.909838940695	2.18205159691141	1.39315798153385	1.56626285448906	0.117287093272735	0.176547940400012
TXN2	216.902230368163	2.47006599790968	1.39763258057998	1.76732142068745	0.0771744144452527	NA
FOXRED2	142.362840453542	1.56146739963311	1.39793806393223	1.11697895630719	0.264003322958304	NA
EIF3D	267.118012033828	-0.761660790077497	1.39414561068126	-0.546328004938671	0.584840489160015	NA
CACNG2	236.427699609153	-0.25024742075906	1.39454924914805	-0.179446814740991	0.857586875058701	NA
IFT27	308.420445721021	1.18000683763841	1.39405548694048	0.846456148046271	0.397298327161102	NA
PVALB	1457.51590994202	3.55452103090457	1.39321189806548	2.5513140074673	0.0107317587503433	0.0348782159386156
NCF4	330.325330039055	0.478334985537569	1.39356748270253	0.343244938960502	0.731414199535096	NA
CSF2RB	210.723682667645	-0.389893116806645	1.39469711097591	-0.279553971782321	0.779819724707731	NA
TEX33	192.122173438218	-0.249840245893455	1.39562369301369	-0.179016913473255	0.857924421188466	NA
TST	358.929124569531	0.348287060755009	1.39340786553089	0.249953419505287	0.802623371228223	0.814008099898127
MPST	3101.13055353	-4.24216513879058	1.39243867426201	-3.04657233183998	0.00231466780764547	0.0202753412838952
KCTD17	2859.93642241002	4.33502027108394	1.39266049212486	3.11276172160938	0.00185345593792407	0.0202753412838952
TMPRSS6	97.4908403936386	0.770825618960822	1.39906564860725	0.550957433432925	0.581662854724958	NA
IL2RB	151.855445980575	-0.0061829115369379	1.39600904093177	-0.00442899104207169	0.996466187980787	NA
C1QTNF6	304.996294544453	-0.644640019870471	1.39366878817106	-0.46254893941942	0.643687715442811	NA
SSTR3	1004.54801886684	-3.14445280586128	1.39310770475403	-2.25714982059945	0.0239987146898341	0.0581663762821404
RAC2	433.708194648459	1.5583001250938	1.39366561111154	1.11813057068328	0.263511231604045	0.333469965658216
CYTH4	208.442265912289	0.154334060531968	1.3946918289889	0.110658180770912	0.911887409152759	NA
ELFN2	144.100156764286	-0.386504268374981	1.39645961721504	-0.276774396917962	0.781953341753665	NA
MFNG	455.102039690323	2.00221223654071	1.39369600637462	1.43662048781284	0.150825858878952	0.213545522967229
CARD10	1805.2136215601	-3.69558384375213	1.39270067982649	-2.65353776104464	0.00796528577590233	0.0277813625842447
CDC42EP1	450.747342423573	1.41589427275084	1.39338757542855	1.01615250323685	0.309556770279884	0.378347163675414
LGALS2	405.629701141837	1.38270009052209	1.39360035656893	0.992178341519895	0.321110535818071	0.382656721849868
GGA1	364.423277363325	2.61374894596509	1.39528249684357	1.87327580749987	0.0610303088078413	0.114833344204228
SH3BP1	324.812751545355	-0.592417499181374	1.39376916923367	-0.42504706823663	0.670802363104395	NA
PDXP	580.216350234699	-3.83634890072442	1.39835099578496	-2.74348065134454	0.00607916306586697	0.0244240118424147
LGALS1	790.098767977657	-2.00457601654136	1.39264030034476	-1.43940687056457	0.150035278880836	0.213545522967229
NOL12	647.591162609319	-4.37619591454655	1.39786013906538	-3.13063931951912	0.00174426241749965	0.0202753412838952
TRIOBP	353.755790755093	-3.83463143339448	1.39963120113567	-2.73974417709683	0.0061487022820065	0.0244240118424147
H1F0	2550.94564792043	-4.06854441980417	1.39261671244896	-2.92151055163592	0.00348338476034926	0.0202753412838952
GCAT	57.9777164353703	0.272540472762389	1.40371222986417	0.194156941119449	0.846052997252037	NA
GALR3	70.9340005180256	-0.265567206353692	1.40144315876767	-0.189495524447251	0.84970446252746	NA
ANKRD54	170.61904138402	0.267155287758432	1.39548024759371	0.191443259923672	0.84817833026165	NA
EIF3L	129.226923854953	-0.984554608511196	1.398438251021	-0.704038671562632	0.481408690961658	NA
MICALL1	112.794699037871	-0.0600720259958979	1.39774146534753	-0.04297792366127	0.965719131956247	NA
C22orf23	842.190996944377	-2.5128824345078	1.39299579363598	-1.80394115042423	0.0712405330697864	0.125770323814561
SOX10	262.858270900709	0.0878677171242126	1.39397249503607	0.0630340393638392	0.949739398713405	NA
SLC16A8	739.890973806085	2.9878408390141	1.39368127880985	2.14384801205453	0.0320450669008527	0.0716006963565928
BAIAP2L2	175.978950951035	1.76231748964133	1.39705950402523	1.26144769393408	0.20714759396912	NA
PLA2G6	323.335018609839	0.757108244117251	1.39357095285913	0.543286470318517	0.586932578206479	NA
MAFF	484.269679787095	1.36628665220244	1.39315846430526	0.980711589678195	0.326734986959545	0.383402486706851
CSNK1E	133.364770716842	-0.254731191482379	1.39680865598298	-0.182366561369221	0.855295065902404	NA
KCNJ4	690.582745694787	-2.40577218457393	1.39319612760823	-1.72680079774844	0.0842034451870402	0.138403363928124
KDELR3	2074.85570006264	4.1762509363501	1.39297024665838	2.99809055244976	0.00271676938523596	0.0202753412838952
DDX17	283.951908937634	1.50241740407295	1.39465098098107	1.07727124890851	0.281359102909948	NA
DMC1	162.866033520048	-0.0433786944548654	1.39575869434761	-0.0310789355140939	0.975206588578331	NA
FAM227A	1575.05365159267	-3.7406734947714	1.39325449005628	-2.68484582068011	0.00725632713531311	0.0266065328294814
CBY1	699.987509703569	1.83154619264046	1.3927325086713	1.31507391493849	0.188485062296272	0.25741513386471
TOMM22	95.3134978083055	-0.881865732928751	1.39950952178136	-0.630124853889005	0.52861289979537	NA
JOSD1	587.730080397576	2.73114052967402	1.39388520283145	1.9593726399607	0.0500691624187745	0.0988614834330007
GTPBP1	817.371467031859	-2.71076910797532	1.39319722040247	-1.94571814261317	0.0516886061045397	0.0998847388236376
SUN2	246.506378584666	1.82108096787701	1.39559431839265	1.30487846208375	0.191934236232804	NA
DNAL4	221.368805580534	-0.52617297304845	1.3947230825199	-0.377259815688856	0.705980532049247	NA
NPTXR	256.789949494097	-1.3331093871736	1.39472573310334	-0.955821890664737	0.339162226722531	NA
CBX6	93.7105312568052	0.679356168686885	1.39938611609745	0.485467278024341	0.627344918631248	NA
APOBEC3A	653.729806579491	1.6629344826864	1.39271033350589	1.19402753227246	0.232467198391642	0.299484769099143
APOBEC3B	69.2256543075588	-0.159384162762193	1.4022735096647	-0.113661252005184	0.909506329822291	NA
APOBEC3C	741.179849603947	2.34016918655351	1.39354407572945	1.67929326909057	0.093094902151905	0.14791745564136
APOBEC3D	325.787754090542	-1.42846383823951	1.39406354282602	-1.02467627504537	0.305515961144979	NA
APOBEC3F	34.8047685767711	0.814169718792515	1.41842765586975	0.573994532201422	0.565971501331098	NA
APOBEC3H	92.2274879824377	0.210131367779469	1.39909359402647	0.150191072760707	0.88061386891111	NA
CBX7	119.220717682965	-2.24962981125653	1.40426218218747	-1.60200127853063	0.109155326767861	NA
PDGFB	277.400999381331	0.0206572686586962	1.39378059361431	0.0148210333486768	0.988174959238244	NA
SYNGR1	103.634507890113	-0.0485868271693011	1.39833822752901	-0.0347461195101262	0.972282185060412	NA
TAB1	1250.46240560404	-4.10080256839081	1.39395350939597	-2.94185031333489	0.00326257590221509	0.0202753412838952
MGAT3	2411.68364586383	-4.03976455438921	1.39269447684226	-2.90068254133442	0.00372350893913454	0.0204163119465108
MIEF1	1596.85533107318	3.31136078300347	1.3927522560955	2.37756626744707	0.0174273112788368	0.0453257374363813
ATF4	3295.45697288968	-4.35861212180898	1.39239589357901	-3.13029659302256	0.00174629890522502	0.0202753412838952
ENTHD1	245.204197611831	-0.365381977089159	1.39423567366908	-0.262066151361353	0.793270442300257	NA
GRAP2	146.789126823896	0.112491681403172	1.39609562626289	0.0805759142045973	0.935779221588339	NA
FAM83F	133.513815878868	0.391991687817731	1.39683573986192	0.280628334908213	0.778995480874779	NA
TNRC6B	131.671390035758	1.05596670573856	1.39758876030034	0.755563249887353	0.44991109679628	NA
ADSL	108.773999692532	-0.367467567624613	1.39794447963669	-0.262862776724948	0.792656347486917	NA
SGSM3	2511.40324818495	4.10564844313436	1.39257256569245	2.94824739786026	0.00319581197166607	0.0202753412838952
MKL1	256.668600917192	0.612043174957281	1.39427185469143	0.438969755358602	0.660683451382265	NA
MCHR1	279.234279707513	-0.854364135078547	1.39427068864013	-0.612767766000897	0.540029907312102	NA
SLC25A17	618.669857750553	-2.31197539504351	1.39348974582293	-1.65912623467362	0.0970903578132536	0.15257056227797
ST13	550.777669632073	-1.64008108797634	1.39300088604627	-1.17737260931064	0.239046817487511	0.305211561613518
XPNPEP3	168.374026414847	0.645654950726408	1.39573582203032	0.462591086748208	0.643657498752009	NA
DNAJB7	300.393760958069	-0.259055353995938	1.39396799052393	-0.185840245799741	0.852570042663242	NA
RBX1	91.3641205040797	0.742859643564014	1.39962318032261	0.530756888002375	0.595587258804961	NA
EP300	277.201940306337	0.482164708550355	1.39387796915461	0.345916012176294	0.729405834695331	NA
L3MBTL2	135.021089717577	0.0646665514216675	1.39670912016948	0.0462992261508401	0.963071756091716	NA
CHADL	126.44553655862	0.548832523597661	1.39724776431233	0.392795420837746	0.694470587048505	NA
RANGAP1	209.800971575722	-2.10321242351284	1.39675610116938	-1.50578359511157	0.132122735957642	NA
ZC3H7B	148.60538552617	-1.28549893971419	1.39720849268413	-0.920048043255641	0.357547653694454	NA
TEF	321.085214050201	-0.837708642467463	1.3937518053981	-0.601045781051519	0.547809494290444	NA
TOB2	550.620404363846	-1.36493873629076	1.39283063746262	-0.979974664240106	0.327098625022628	0.383402486706851
PHF5A	178.759004126226	-0.158273239470084	1.39537983862857	-0.113426634876451	0.909692324391893	NA
ACO2	712.624239110626	1.87690894696953	1.39282848696973	1.3475520959892	0.177802486923054	0.246851996407734
POLR3H	2908.4680686481	-4.40054701860794	1.39259978457851	-3.15995095456648	0.00157795698797677	0.0202753412838952
CSDC2	171.848271769317	-1.29328490360597	1.39633820393707	-0.926197464166967	0.354343370151574	NA
PMM1	78.2849292037748	-0.342885893007827	1.40068140531437	-0.244799346737146	0.80661179976015	NA
DESI1	134.182123016573	0.375184003714681	1.39675347020162	0.268611470613009	0.788228684345607	NA
XRCC6	1647.66302688231	3.96236197599818	1.39336316515816	2.84373957563922	0.00445874748503834	0.0219862375986373
SNU13	508.283000664166	2.89869240867921	1.39459681682973	2.07851643837011	0.0376618184534838	0.078362566092167
C22orf46	106.285810066586	-1.20120079997976	1.39918274288454	-0.858501726160075	0.39061547773651	NA
MEI1	343.618116718074	0.711374990358696	1.39353537457377	0.510482190361532	0.609713688606772	0.64584487015384
CCDC134	102.848338803526	0.250770713341273	1.39826329447115	0.17934441555667	0.857667273597391	NA
SREBF2	1225.67794765586	-3.52514618762242	1.39318521368596	-2.53027820923818	0.0113972115717065	0.0358680419598327
TNFRSF13C	1096.03170819674	-3.45592648394412	1.39329819776112	-2.48039256025553	0.013123780791072	0.037534013062466
CENPM	1421.29884205613	-4.42375663309276	1.39415079082436	-3.17308332944171	0.00150829227423011	0.0202753412838952
SEPT3	159.011631365242	-1.69749045449931	1.39744816082117	-1.21470728009103	0.224477754914347	NA
WBP2NL	60.9363328544338	-0.239794829106646	1.40314945156506	-0.170897568209274	0.864304308822373	NA
NAGA	572.384706286802	-3.05099297761678	1.39458130161987	-2.18774837585512	0.0286879361559821	0.0664174663383152
SMDT1	196.89130752724	-2.44381377845121	1.3980707270388	-1.74799009176549	0.0804657431364267	NA
NDUFA6	1595.10981261339	3.50103581065533	1.3928084923425	2.51365197003294	0.0119488284975181	0.0358680419598327
CYP2D6	1117.11126903001	-4.06590939783555	1.39430838905658	-2.91607612042457	0.00354464008459706	0.0202753412838952
TCF20	130.622481415994	0.215444274959817	1.39706560547366	0.15421199556822	0.877442584235633	NA
NFAM1	290.26793245094	1.8277535096642	1.39492296282749	1.31028992881397	0.190097773175864	NA
RRP7A	119.144174489431	0.19576068085242	1.39855449938972	0.139973580534647	0.888680864538348	NA
SERHL2	97.5202354336418	2.38665958048517	1.40569782669249	1.69784681683745	0.0895366771394568	NA
POLDIP3	297.855531794232	0.710960985450753	1.39381560240936	0.510082527575228	0.609993645533105	NA
CYB5R3	276.274040018903	1.06787503474005	1.39442829587291	0.765815666463913	0.443785991071648	NA
A4GALT	125.689763169555	-0.237622765148696	1.39726775642257	-0.170062440828866	0.864961031068183	NA
ARFGAP3	688.023877161865	2.23042073896088	1.39315169680688	1.60098914143595	0.109379324195957	0.168185412473353
PACSIN2	143.161979018194	-2.77532622658	1.40308488090112	-1.97801734189992	0.0479267503194773	NA
TTLL1	174.097316141742	0.280588633287585	1.39576403927321	0.201028702124817	0.84067613112009	NA
BIK	373.047604884177	0.542818804576632	1.39324335130635	0.389608035141647	0.696826409593828	0.727344354539543
MCAT	94.8620504938532	0.729238353924701	1.39954988909008	0.521052060815649	0.60233050513391	NA
TSPO	278.910088232812	-1.03741156260832	1.39423346063962	-0.744073063726642	0.456832274189768	NA
TTLL12	247.234216132992	1.29595535447293	1.39499360218671	0.92900451474578	0.352886746602608	NA
SCUBE1	113.698900650282	-0.216750320050114	1.3976934105711	-0.155077156700302	0.876760490620581	NA
MPPED1	1895.79294627932	-4.1576824438262	1.39304462479631	-2.9846010456658	0.00283948399954861	0.0202753412838952
EFCAB6	348.962923265499	0.934768840719852	1.3936032142208	0.670756805940998	0.502375468210059	0.548394595068996
SULT4A1	138.204166426631	-0.580521661463151	1.39658911056393	-0.415671049610819	0.677650728407139	NA
PNPLA3	363.320122470362	1.22402017792365	1.39360831902055	0.878310039641493	0.379775488953429	0.4276212198452
SAMM50	2640.23212678079	4.19131303554135	1.39282076501766	3.00922641362846	0.00261913850188273	0.0202753412838952
PARVB	289.217351801464	-2.31209491701638	1.39586623655241	-1.65638716409312	0.0976434388296957	NA
PARVG	556.182044524147	2.4873985158411	1.39379118822233	1.78462781000472	0.0743217074403881	0.12960980687775
KIAA1644	260.52943566319	-0.860528834733771	1.39418870782587	-0.617225508931068	0.537085992486415	NA
LDOC1L	150.339495774206	0.833728616899165	1.39649932521563	0.597013261549862	0.550498526609943	NA
PRR5	207.919429893093	0.59473547801894	1.39520950124232	0.426269658778396	0.669911364058586	NA
ARHGAP8	16.0678766049318	-1.69959251964576	1.46424230959478	-1.16073173716454	0.245751011032728	NA
PHF21B	198.263504101983	-1.3143959656428	1.39572608622584	-0.94172916778896	0.346331317769433	NA
NUP50	86.9901350182386	0.00402175488345819	1.39959187685604	0.00287351973811997	0.99770726612102	NA
KIAA0930	230.889848014416	0.121303064854978	1.39435405298472	0.0869958850087751	0.930674782995002	NA
UPK3A	189.181221054962	-0.975821811376611	1.39541510569523	-0.699305753100923	0.484360972428136	NA
FAM118A	568.763476362482	1.38590032074496	1.39278649905826	0.995055826346712	0.31970911333968	0.382656721849868
SMC1B	111.341412731906	0.965197720796488	1.39866981442031	0.690082613384002	0.490142236302932	NA
RIBC2	201.936107402095	1.23886520387868	1.39549482241963	0.887760516180652	0.374669585836013	NA
FBLN1	150.217457610749	-0.575685835008765	1.39629671863477	-0.412294770392099	0.680123381273352	NA
ATXN10	1053.60616480126	-3.77639842037177	1.3938644159231	-2.70930111797912	0.00674251152505021	0.0253731354758468
WNT7B	281.693011219849	1.08944180739364	1.39418920971837	0.781416037220455	0.434557841828356	NA
PRR34	249.546735136427	0.749084287688033	1.39433499008089	0.537234088663711	0.591105927236909	NA
PPARA	119.815994901969	0.209856358292379	1.39738403509645	0.150178013360439	0.880624171952687	NA
CDPF1	1261.16476364994	3.22031045137636	1.39292854587132	2.31189924344752	0.0207832364354756	0.0512414277633278
PKDREJ	486.789850826405	2.44384934198107	1.39421062571006	1.75285519771192	0.0796268655959267	0.133960491531971
TTC38	475.992718075938	2.87125593435335	1.39486967042746	2.05844029390462	0.039547887130815	0.0807906837100934
GTSE1	921.356564620841	2.40955398477386	1.39267543283537	1.73016190848446	0.0836013518588841	0.138403363928124
TRMU	214.51331564648	-1.59262688355211	1.39586010376223	-1.14096454168977	0.25388467894011	NA
GRAMD4	652.582765439346	-2.33973143784986	1.39320329004274	-1.67938983102608	0.0930760938333486	0.14791745564136
CERK	248.046337880453	0.444908851355139	1.39429544143568	0.319092236934392	0.749656570240134	NA
TBC1D22A	338.701452264177	-0.166570153417492	1.39336089816536	-0.119545591983251	0.904843121807884	0.904843121807884
U51561.1	227.093233612011	-0.800569351363396	1.3946252505114	-0.574039048174293	0.565941377726352	NA
FP325331.1	92.8362099178762	-0.0759844351177926	1.39889224761216	-0.0543175753868779	0.956682147090142	NA
FAM19A5	66.4074932446205	0.445894126001253	1.40229320480558	0.317974960210318	0.750503930788445	NA
ZBED4	345.706842787112	-0.405120394358128	1.39345941512478	-0.290729955936213	0.771257859191621	0.793452329959725
ALG12	588.374478188358	3.5213182298457	1.39569642659271	2.52298290857005	0.0116364056514375	0.0358680419598327
CRELD2	359.426120853716	-2.96035001268072	1.39607187681251	-2.12048538606747	0.0339651326687296	0.0747232918712052
PIM3	171.181261880352	-0.0655705964102699	1.3956459147353	-0.0469822579767347	0.962527367995726	NA
IL17REL	229.671936024747	1.09053003062425	1.39503783866622	0.781720753658474	0.434378702172811	NA
TTLL8	109.712390116487	-1.42654521904557	1.3995816663843	-1.01926543717233	0.308076967892442	NA
MLC1	68.4158143798574	-0.797947266936257	1.40285959893532	-0.568800518271286	0.569491522908612	NA
MOV10L1	1157.89434131731	-3.85640036529529	1.39371463125226	-2.76699424603895	0.00565757536922959	0.0244240118424147
PANX2	875.070978248954	3.63198062357904	1.39416985258538	2.60512061485466	0.00918419224819203	0.0312699878926538
TRABD	320.565323377147	-0.184586407804431	1.39374084665113	-0.132439548032157	0.894636635359666	NA
SELO	135.864932425737	0.33428204067018	1.39666010669334	0.239343874052226	0.81083894725662	NA
TUBGCP6	267.923657756653	-0.73839223283256	1.39432231929629	-0.529570690086368	0.596409620425631	NA
HDAC10	44.9387735106603	0.670899338031001	1.41593415204999	0.473821001534337	0.635627556989688	NA
MAPK12	338.1959544067	-2.52852653297309	1.39609938726067	-1.81113648214859	0.0701197274881643	0.125339012885094
MAPK11	229.353828673756	0.722996585329006	1.39488414287138	0.518320169473509	0.604234902775383	NA
PLXNB2	334.766315197703	0.259901262270165	1.39338084335156	0.186525646244004	0.852032568956355	0.858032798315202
PPP6R2	800.972934811453	2.12369297957534	1.39268315618822	1.52489313175001	0.127285755261068	0.187648072188997
SBF1	125.174638044678	-0.503285317909128	1.39768840057473	-0.360084062872795	0.718784270515985	NA
ADM2	646.651117405	1.81516969374038	1.39290575898099	1.30315326937001	0.192522440385747	0.259723669576998
MIOX	194.458288470144	-0.455411645198837	1.39504930351106	-0.326448423043297	0.744085106043757	NA
LMF2	773.692091246498	-4.13206230584202	1.3956553514526	-2.96066095511428	0.00306979671157745	0.0202753412838952
SCO2	183.032191102895	0.125516293143335	1.39523612297006	0.0899606103059795	0.928318516286113	NA
ODF3B	200.793255902818	-0.0562636062766795	1.39478988930707	-0.0403384098981611	0.967823332015793	NA
SYCE3	2120.10160809607	4.40941645826547	1.39351773238191	3.16423419365361	0.00155491621001326	0.0202753412838952
CPT1B	1.51089027337858	-2.9300672599266	2.10328767912552	-1.39308915704048	0.163592831568427	NA
CHKB	5.6581671741387	-0.375563600453284	1.54033064520039	-0.243820118507363	0.80737013816305	NA
MAPK8IP2	1471.89175264694	4.2208297109271	1.39387330715363	3.0281300956586	0.00246072127510798	0.0202753412838952
ARSA	408.71683031777	-0.733439373383166	1.39305792829504	-0.526495961500194	0.598543657230026	0.638744350626072
SHANK3	106.10479385142	0.397767739356093	1.39827103151062	0.284471129267668	0.776049355999084	NA
ACR	65.5187502679424	-0.576888609841267	1.40264055733673	-0.411287558187136	0.680861691598599	NA
RABL2B	293.081259843059	1.80234655365286	1.39508071064636	1.29192995064623	0.196381404422411	NA
